$ 1 0.000005 9.78399845368213 50 5 50 5e-11
t 416 288 448 288 0 1 -0.4762775750801307 0.7134185980597083 100 default
v 256 416 256 208 0 0 40 6 0 0 0.5
r 448 336 448 416 0 50
w 448 304 448 336 0
w 448 416 336 416 0
O 448 336 528 336 3 1
w 256 208 448 208 0
v 336 352 336 288 0 1 50 2 0 1.5707963267948966 0.5
w 256 416 336 416 0
w 448 208 448 272 0
x 459 368 474 371 4 12 R2
v 336 416 336 352 0 0 40 4 0 0 0.5
r 336 288 400 288 0 500
g 448 416 448 432 0 0
x 361 264 376 267 4 12 R1
x 461 328 492 331 4 12 V_out
x 294 306 318 309 4 12 V_in
w 400 288 416 288 0
o 17 64 0 x81113 2.5 0.00009765625 0 1 1 -84
o 5 64 0 x81112 5 0.1 1 1 1 -73 V_out
