$ 1 0.000005 9.384708165144016 50 5 50 5e-11
t 336 320 448 320 0 1 -1.6841472659253736 0.6299772188216727 100 default
v 256 416 256 208 0 0 40 6 0 0 0.5
O 448 288 528 288 1 1
w 256 208 336 208 0
v 448 416 448 336 0 1 50 0.1 0 0 0.5
w 256 416 336 416 0
x 481 352 497 355 4 12 C1
x 460 240 476 243 4 12 R3
r 336 208 336 320 0 60000
x 348 256 364 259 4 12 R1
x 348 360 364 363 4 12 R2
r 336 320 336 416 0 10000
w 336 416 448 416 0
r 448 208 448 288 0 1000
w 448 304 448 288 0
w 336 208 448 208 0
o 4 64 0 x81017 2.5 0.00009765625 0 1 0.5 0
o 2 64 0 x81016 10 0.1 1 1 1 -73 V_out
