$ 1 0.000005 11.558428452718767 50 5 50 5e-11
t 416 352 480 352 0 1 -1.9669472611991603 0.6272606242594984 100 default
v 240 416 240 208 0 0 40 6 0 0 0.5
r 480 208 480 304 0 1000
w 480 368 480 416 0
w 480 416 320 416 0
O 480 304 560 304 3 1
r 416 352 320 352 0 10000
w 240 208 416 208 0
w 416 208 480 208 0
w 480 320 480 336 0
v 320 416 320 352 0 1 50 0.25 0 0 0.5
r 416 352 416 208 0 60000
w 240 416 320 416 0
w 480 304 480 320 0
x 370 372 385 375 4 12 R1
x 428 272 443 275 4 12 R2
x 492 248 507 251 4 12 R3
g 480 416 480 432 0 0
x 494 296 525 299 4 12 V_out
x 267 371 291 374 4 12 V_in
o 10 64 0 x81017 2.5 0.0001 0 1 1 0
o 5 64 0 x81016 10 0.1 1 1 1 -73 V_out
