$ 1 0.000005 10.20027730826997 50 5 50 5e-11
t 448 208 528 208 0 1 -7.568773837181295 0.3612877571165727 100 default
t 448 304 528 304 0 -1 3.3743682114570785 -0.6955701942450538 100 default
d 448 208 448 256 2 default
d 448 256 448 304 2 default
w 528 224 528 256 0
w 528 256 528 288 0
v 288 256 288 144 0 0 40 6 0 0 0.5
w 448 144 528 144 0
w 528 144 528 192 0
w 528 320 528 368 0
w 528 368 448 368 0
r 448 208 448 144 0 1000
w 448 144 288 144 0
r 448 368 448 304 0 1000
w 448 368 368 368 0
v 288 368 288 256 0 0 40 6 0 0 0.5
v 288 256 448 256 0 1 40 4 0 0 0.5
w 368 368 288 368 0
g 224 256 224 272 0 0
w 224 256 288 256 0
w 528 256 608 256 0
r 608 320 608 256 0 40
g 608 320 608 336 0 0
o 16 32 0 x81113 5 0.1 0 2 1 0 16 3 0.005 0
o 21 32 0 x81113 5 0.1 1 2 1 0 21 3 0.05 0
