$ 1 0.0005 3.5993318835628396 50 5 50 5e-11
t 384 192 448 192 0 1 -11.450530877622898 0.4448027600114274 100 default
t 320 160 384 160 0 1 -10.911373467757354 0.539157409865543 100 default
w 384 176 384 192 0
r 384 192 384 256 0 3900
w 448 208 448 256 0
v 128 464 128 96 0 0 40 12 0 0 0.5
w 384 128 448 128 0
w 448 128 448 176 0
w 384 144 384 128 0
w 320 96 448 96 0
v 192 464 192 368 0 2 0.2 1 1 0 0.5
w 320 464 192 464 0
w 320 96 128 96 0
r 320 96 320 160 0 6800
x 330 119 346 122 4 12 R4
x 358 228 374 231 4 12 R5
w 448 96 448 128 0
w 384 256 448 256 0
O 512 304 576 304 1 0
t 416 400 448 400 0 1 0.5973141579396359 0.7019805203053114 100 default
w 448 464 448 416 0
x 364 421 380 424 4 12 R3
r 320 464 320 400 0 3900
d 448 352 320 352 2 default
r 320 400 416 400 0 200
w 320 464 448 464 0
w 448 304 448 352 0
w 448 352 448 384 0
t 288 368 320 368 0 1 0.5663005135682115 0.6165209679385197 100 default
w 320 400 320 384 0
w 320 160 320 352 0
w 192 464 128 464 0
r 512 304 512 464 0 200
r 512 304 512 96 0 200
w 512 96 448 96 0
w 448 464 512 464 0
w 448 304 512 304 0
r 288 368 192 368 0 10000
x 330 425 346 428 4 12 R2
x 235 390 251 393 4 12 R1
x 326 374 342 377 4 12 Q1
x 453 406 469 409 4 12 Q2
x 391 164 407 167 4 12 Q3
x 455 195 471 198 4 12 Q4
w 448 304 448 256 0
b 272 80 481 281 0
b 272 288 481 488 0
