$ 1 0.0000049999999999999996 10.20027730826997 50 5 50 5e-11
t 320 304 384 304 0 1 -2.9323566956928984 0.6143243385529207 100 default
w 384 320 384 336 0
v 240 416 240 208 0 0 40 6 0 0 0.5
w 384 288 384 272 0
w 240 208 384 208 0
w 416 416 320 416 0
v 320 368 320 304 0 1 40 0.025 0 0 0.6
w 240 416 320 416 0
t 512 304 448 304 0 1 -3.1050196857719223 0.6120967659208145 100 default
w 448 336 448 320 0
w 448 336 416 336 0
w 416 336 384 336 0
r 448 208 448 272 0 1000
r 384 208 384 272 0 1000
w 448 288 448 272 0
w 448 208 384 208 0
w 416 416 512 416 0
v 320 416 320 368 0 0 40 1 0 0 0.5
v 512 416 512 368 0 0 40 1 0 0 0.5
w 512 368 512 304 0
O 448 272 544 272 1 0
i 416 336 416 416 0 0.004
o 20 64 0 x81012 10 0.1 0 1 1 -98
