$ 1 0.000005 10.20027730826997 50 5 43 5e-11
v -64 256 -64 112 0 0 40 5 0 0 0.5
s -64 112 96 112 0 1 false
x 6 88 20 91 4 12 S1
181 96 112 96 256 0 300 1 5 0.01 0.01
w -64 256 96 256 0
x -99 169 -85 172 4 12 V1
x 114 152 127 155 4 12 L1
x 237 121 251 124 4 12 V1
v 272 160 272 112 0 0 40 5 0 0 0.5
w 272 112 352 112 0
w 272 160 352 160 0
x 301 232 315 235 4 12 S1
s 272 256 352 256 0 1 false
w 272 208 272 256 0
w 272 208 352 208 0
x 325 339 338 342 4 12 L1
181 272 304 272 368 0 300 1 5 0.01 0.01
w 272 304 352 304 0
w 272 368 352 368 0
