$ 1 0.000005 10.20027730826997 50 5 43 5e-11
v -64 256 -64 112 0 0 40 5 0 0 0.5
x -17 88 -3 91 4 12 S1
181 144 112 144 256 0 300 1 5 0.01 0.01
w -64 256 144 256 0
x -99 169 -85 172 4 12 V1
x 163 153 176 156 4 12 L1
x 237 121 251 124 4 12 V1
v 272 160 272 112 0 0 40 5 0 0 0.5
w 272 112 352 112 0
w 272 160 352 160 0
x 289 230 303 233 4 12 S1
w 272 208 272 256 0
w 272 208 352 208 0
x 325 467 338 470 4 12 L1
181 272 432 272 496 0 300 1 5 0.01 0.01
w 272 432 352 432 0
w 272 496 352 496 0
S -64 112 48 112 0 0 false 0 2
S 272 256 352 256 0 0 false 0 2
S 144 112 48 112 0 0 false 0 2
x 92 88 106 91 4 12 S2
S 272 368 352 368 0 0 false 0 2
w 272 320 352 320 0
w 272 320 272 368 0
x 289 342 303 345 4 12 S2
