$ 1 0.000005 10.20027730826997 50 5 43 5e-11
v -64 256 -64 96 0 0 40 5 0 0 0.5
x -13 76 1 79 4 12 S1
181 160 96 160 256 0 300 1 5 0.01 0.01
w -64 256 160 256 0
x -98 159 -84 162 4 12 V1
x 179 146 192 149 4 12 L1
x 253 105 267 108 4 12 V1
v 288 144 288 96 0 0 40 5 0 0 0.5
w 288 96 368 96 0
w 288 144 368 144 0
x 341 419 354 422 4 12 L1
181 288 384 288 448 0 300 1 5 0.01 0.01
w 288 384 368 384 0
w 288 448 368 448 0
s -64 96 48 96 0 1 false
s 48 96 160 96 0 1 false
x 98 74 112 77 4 12 S2
w 288 192 288 240 0
s 288 240 368 240 0 1 false
x 320 218 334 221 4 12 S1
x 320 315 334 318 4 12 S2
s 288 336 368 336 0 1 false
w 288 288 288 336 0
w 288 192 368 192 0
w 288 288 368 288 0
