$ 1 0.00019999999999999998 32.755850052045055 45 5 43 5e-11
R 800 176 848 176 0 0 40 5 0 0 0.5
r 656 224 736 224 0 180
162 800 176 736 176 2 default-led 1 0 0 0.01
162 800 224 736 224 2 default-led 0 1 0 0.01
r 656 176 736 176 0 180
w 560 224 560 272 0
g 416 272 416 288 0 0
w 416 224 464 224 0
c 416 224 416 272 0 0.00001 2.9696304789015655 0.001
r 464 272 560 272 0 470000
183 464 224 560 224 0 0.5 1.66 3.33 5 0
403 272 224 400 288 0 8_128_0_4098_5_0.00009765625_-1_2_8_3
w 464 272 464 224 0
183 560 224 656 224 0 0.5 1.66 3.33 5 0
R 800 224 848 224 0 0 40 5 0 0 0.5
w 560 224 560 176 0
w 560 176 656 176 0
w 560 336 656 336 0
w 560 384 560 336 0
R 800 384 848 384 0 0 40 5 0 0 0.5
183 560 384 656 384 0 0.5 1.66 3.33 5 0
w 464 432 464 384 0
183 464 384 560 384 0 0.5 1.66 3.33 5 0
r 464 432 560 432 0 220000
c 416 384 416 432 0 0.00001 2.435503098901414 0.001
w 416 384 464 384 0
g 416 432 416 448 0 0
w 560 384 560 432 0
r 656 336 736 336 0 180
162 800 384 736 384 2 default-led 1 0 0 0.01
162 800 336 736 336 2 default-led 0 0 1 0.01
r 656 384 736 384 0 180
R 800 336 848 336 0 0 40 5 0 0 0.5
w 560 496 656 496 0
w 560 544 560 496 0
R 800 544 848 544 0 0 40 5 0 0 0.5
183 560 544 656 544 0 0.5 1.66 3.33 5 0
w 464 592 464 544 0
183 464 544 560 544 0 0.5 1.66 3.33 5 0
r 464 592 560 592 0 330000
c 416 544 416 592 0 0.00001 2.2985349303255336 0.001
w 416 544 464 544 0
g 416 592 416 608 0 0
w 560 544 560 592 0
r 656 496 736 496 0 180
162 800 544 736 544 2 default-led 1 0 1 0.01
162 800 496 736 496 2 default-led 1 1 0 0.01
r 656 544 736 544 0 180
R 800 496 848 496 0 0 40 5 0 0 0.5
403 272 384 400 448 0 24_128_0_4098_5_0.00009765625_-1_2_24_3
403 272 544 400 608 0 40_128_0_4098_5_0.00009765625_-1_2_40_3
