$ 1 0.000005 10.20027730826997 44 5 43 5e-11
v -192 272 -192 144 0 0 40 6 0 0 0.5
181 -112 144 -112 224 0 3773.083719435707 1 5 0.01 0.01
370 -112 224 -112 272 1 0 1
w -112 272 -192 272 0
w -192 144 -112 144 0
w 32 144 112 144 0
w 112 272 32 272 0
370 112 224 112 272 1 0 1
181 112 144 112 224 0 1466.7960966103826 1 5 0.01 0.01
v 32 272 32 144 0 0 40 3 0 0 0.5
v 256 272 256 144 0 0 40 1 0 0 0.5
181 336 144 336 224 0 549.3290171689318 1 5 0.01 0.01
370 336 224 336 272 1 0 1
w 336 272 256 272 0
w 256 144 336 144 0
g -192 272 -192 304 0 0
g 32 272 32 304 0 0
g 256 272 256 304 0 0
