$ 1 0.00002 2.275989509352673 47 5 48 5e-11
v 96 336 96 48 0 1 40 5 0 0 0.5
w 96 48 224 48 0
w 224 48 224 112 0
d 224 112 288 176 3 default
d 224 240 288 176 3 default
d 160 176 224 112 3 default
d 160 176 224 240 3 default
w 224 240 224 336 0
w 224 336 96 336 0
w 160 176 160 272 0
w 288 176 336 176 0
w 160 272 336 272 0
c 336 176 336 272 0 0.0001 3.550026329152213 0.001
w 336 176 416 176 0
w 336 272 416 272 0
r 416 176 416 272 0 250
x 451 232 558 235 4 16 Load
o 0 8 0 x81013 5 0.2 0 2 2 0 0 3 0.05 0
o 15 8 0 x81013 5 0.025 1 2 1 -50 15 3 0.005 -50
