$ 1 0.0000049999999999999996 10.20027730826997 50 5 50 5e-11
409 736 320 848 320 1 0.6 0 0.023100000000000002 2
r 736 224 848 224 0 10000
r 640 224 736 224 0 10000
w 736 224 736 304 0
w 848 224 848 320 0
g 560 400 560 416 0 0
R 784 288 784 256 0 0 40 6 0 0 0.5
R 784 352 784 384 0 0 40 -6 0 0 0.5
v 560 400 560 304 0 1 200 1 0 0 0.5
g 736 336 736 352 0 0
O 848 320 912 320 1 0
r 640 304 736 304 0 10000
v 640 400 640 304 0 1 20 2 0 0 0.5
g 640 400 640 416 0 0
w 640 224 560 224 0
w 560 224 560 304 0
o 8 64 0 4098 2.5 0.000390625 0 4 8 3 12 0 12 3
o 10 64 0 4098 5 0.1 1 1
