$ 1 0.000005 10.20027730826997 50 5 50 5e-11
v 80 288 80 80 0 0 40 12 0 0 0.5
w 80 80 128 80 0
w 80 288 128 288 0
174 128 144 160 208 0 10000 0.5 Resistencia variable
w 128 80 224 80 0
w 160 176 208 176 2
w 128 208 128 288 0
w 128 288 224 288 0
g 80 288 80 320 0 0
w 208 176 272 176 0
w 128 144 128 80 0
r 224 80 224 160 0 33000
w 224 208 224 224 0
w 224 208 272 208 2
f 416 192 464 192 32 2 5
181 464 176 464 80 0 300.00000000028285 1 5 0.001 0.001
w 224 80 368 80 0
w 464 208 464 288 0
w 464 288 224 288 0
401 272 192 352 192 1 8\s15\s-15\s1000000\s5.872150782229237\s6\s100000 0\s20\s10000000000 1\s0
r 368 80 368 160 0 1000
w 368 80 464 80 0
w 368 192 416 192 0
w 352 192 368 192 0
w 224 160 224 208 0
w 368 160 368 192 0
x 141 151 157 154 4 12 R1
x 239 104 255 107 4 12 R2
x 239 238 255 241 4 12 R3
x 383 104 399 107 4 12 R4
374 224 224 224 288 0 50 Light\sBrightness
