$ 1 0.000005 10.20027730826997 50 5 50 5e-11
x 133 311 150 314 4 15 V1
g 112 352 112 368 0 0
v 112 352 112 256 0 1 18 4 0 0 0.5
v 112 192 112 256 0 3 200 1 0 0 0.5
r 192 160 256 160 0 10000
r 304 160 368 160 0 30000
r 304 288 368 288 0 30000
r 192 288 256 288 0 10000
w 256 288 272 288 0
w 272 288 272 240 0
w 272 208 272 160 0
w 272 160 256 160 0
w 272 160 304 160 0
w 272 288 304 288 0
g 384 304 384 320 0 0
w 368 288 384 288 0
w 384 288 384 304 0
w 384 224 384 160 0
w 384 160 368 160 0
O 384 224 448 224 0 0
w 112 256 192 256 0
w 192 256 192 288 0
w 112 192 192 192 0
w 192 192 192 160 0
x 134 230 151 233 4 15 V2
x 214 183 230 186 4 12 R1
x 337 182 353 185 4 12 R2
x 337 310 355 313 4 12 R2'
x 214 311 232 314 4 12 R1'
a 272 224 384 224 8 15 -15 1000000 0 0 100000
o 2 64 0 x81013 5 0.00078125 0 2 1 0 3 0 1 0 V1,\sV2
o 19 64 0 x81012 2.5 0.1 1 1 1 0
