$ 1 0.000005 10.20027730826997 50 5 43 5e-11
162 160 112 160 64 2 default-led 1 0 0 0.01
162 208 64 208 112 2 default-led 1 0 0 0.01
162 208 144 208 192 2 default-led 1 0 0 0.01
162 160 192 160 144 2 default-led 1 0 0 0.01
162 208 224 208 272 2 default-led 1 0 0 0.01
162 160 272 160 224 2 default-led 1 0 0 0.01
L 48 64 0 64 0 0 false 5 0
w 160 64 208 64 0
w 160 112 208 112 0
w 160 144 208 144 0
w 160 192 208 192 0
w 160 224 208 224 0
w 160 272 208 272 0
r 48 64 128 64 0 100
r 48 144 128 144 0 100
L 48 144 0 144 0 0 false 5 0
r 48 224 128 224 0 100
L 48 224 0 224 0 0 false 5 0
w 128 64 160 64 0
w 160 112 160 144 0
w 128 144 160 144 0
w 128 224 160 224 0
w 160 192 160 224 0
w 240 384 240 48 0
w 240 48 160 48 0
w 160 48 160 64 0
w 160 352 160 384 0
w 128 304 160 304 0
w 160 272 160 304 0
L 48 304 0 304 0 0 false 5 0
r 48 304 128 304 0 100
w 160 352 208 352 0
w 160 304 208 304 0
162 160 352 160 304 2 default-led 1 0 0 0.01
162 208 304 208 352 2 default-led 1 0 0 0.01
w 160 384 240 384 0
w 352 112 352 224 0
w 208 64 272 64 0
w 272 112 320 112 0
w 272 64 320 64 0
162 272 112 272 64 2 default-led 1 0 0 0.01
162 320 64 320 112 2 default-led 1 0 0 0.01
w 352 224 208 224 0
w 272 304 208 304 0
162 320 144 320 192 2 default-led 1 0 0 0.01
162 272 192 272 144 2 default-led 1 0 0 0.01
w 272 144 320 144 0
w 272 192 320 192 0
w 208 144 272 144 0
w 272 192 272 304 0
w 352 112 320 112 0
