$ 65 0.00009999999999999999 19.867427341514983 50 5 50 5e-11
v 112 288 112 192 0 2 1 5 0 0 0.5
r 208 192 112 192 0 50
d 208 160 208 64 2 default
w 112 288 256 288 0
w 256 288 368 288 0
t 208 192 256 192 0 1 0.7093620015330426 0.7635088227857401 200 default
w 256 208 256 288 0
v 368 288 368 64 0 0 40 12 0 0 0.5
w 256 64 368 64 0
w 208 64 256 64 0
w 208 160 256 160 0
w 256 160 256 176 0
178 288 80 288 144 4 1 0.5 0.49774365853761604 0.05 1000000 0.2 24 0.015 0.01 1
w 256 144 256 160 0
w 256 80 256 64 0
o 2 64 0 4097 20 0.8 0 2 2 3
o 5 64 2 4099 20 0.8 1 1
