$ 1 0.000005 10.20027730826997 54 5 50 5e-11
r 400 368 400 288 0 4700
t 400 400 480 400 0 1 -5.746269834057159 0.6316035283391852 100 default
v 336 512 336 288 0 0 40 9 0 0 0.5
w 336 288 400 288 0
w 336 512 400 512 0
r 480 512 480 448 0 150
w 400 512 480 512 0
r 480 368 480 288 0 500
w 400 288 480 288 0
w 480 368 480 384 1
w 400 400 400 368 0
x 411 321 426 324 4 12 R1
x 493 472 508 475 4 12 R2
x 492 320 507 323 4 12 R3
t 480 448 400 448 0 1 -0.6316035283391852 0.6078956575232841 100 default
w 480 416 480 448 2
w 400 400 400 432 0
w 400 464 400 512 0
x 378 451 394 454 4 12 Q1
x 486 405 502 408 4 12 Q2
