$ 1 0.000005 9.001713130052181 50 5 50 5e-11
t 384 272 448 272 0 1 -2.6952848820648105 0.6798234003797803 100 default
v 256 416 256 208 0 0 40 6 0 0 0.5
r 448 320 448 416 0 100
w 448 288 448 320 0
w 448 416 336 416 0
O 448 320 512 320 1 1
w 256 208 384 208 0
v 336 416 336 336 0 1 50 2 0 0 0.5
w 256 416 336 416 0
w 448 208 448 256 0
x 353 296 369 299 4 12 C1
x 459 361 475 364 4 12 R3
r 384 208 384 272 0 8000
w 384 208 448 208 0
x 395 233 411 236 4 12 R2
w 336 272 384 272 0
c 336 272 336 336 0 0.000009999999999999999 3.786865239510512 3.65
o 7 64 0 x81013 2.5 0.00009765625 0 2 1 0 7 3 0.001 -1
o 2 64 0 x81013 10 0.00625 1 2 1 -73 2 3 0.01 -73 Resistencia\sR3
