$ 1 0.0005 10.20027730826997 50 5 50 5e-11
t 384 352 448 352 0 1 -0.17105517338651477 0.8095703196243821 100 default
t 352 320 384 320 0 1 0.5197081084784394 0.6907632818649542 100 default
w 384 336 384 352 0
r 384 352 384 416 0 1000
w 448 368 448 416 0
w 448 416 384 416 0
v 176 416 176 208 0 0 40 12 0 0 0.5
w 384 288 448 288 0
w 448 320 448 336 1
w 384 304 384 288 0
w 320 208 448 208 0
w 384 416 320 416 0
v 256 416 256 320 0 2 0.2 3 3 0 0.6
w 256 416 176 416 0
w 320 208 176 208 0
w 256 416 320 416 0
181 448 208 448 288 0 2557.670563745281 50 12 0.4 0.4
r 288 320 352 320 0 10000
w 448 288 448 320 2
w 256 320 288 320 2
x 312 340 328 343 4 12 R1
x 358 388 374 391 4 12 R2
