$ 1 0.000005 10.20027730826997 50 5 50 5e-11
t 416 352 480 352 0 1 -4.742026294115556 0.5853079864025882 100 default
v 256 416 256 208 0 0 40 6 0 0 0.5
r 480 208 480 304 0 1000
w 480 368 480 416 0
w 480 416 336 416 0
O 480 304 544 304 1 1
r 416 352 336 352 0 10000
w 256 208 416 208 0
w 416 208 480 208 0
w 480 320 480 336 0
v 336 416 336 352 0 1 50 0.25 0 0 0.5
r 416 352 416 208 0 60000
w 256 416 336 416 0
w 480 304 480 320 0
x 370 372 386 375 4 12 R1
x 428 272 444 275 4 12 R2
x 492 248 508 251 4 12 R3
o 10 64 0 x81013 2.5 0.00009765625 0 2 1 0 10 3 0.00019999999999999998 0
o 2 64 0 x81013 10 0.00625 1 2 1 -73 2 3 0.002 -73
