$ 1 0.000005 10.20027730826997 50 5 50 5e-11
t 304 352 384 352 0 1 -2.757439670046012 0.6668804726983086 100 default
v 224 400 224 208 0 0 40 5 0 0 0.5
r 384 288 384 208 0 100
w 384 368 384 400 0
w 384 400 224 400 0
O 384 288 448 288 1 1
r 304 288 304 208 0 27500
w 224 208 304 208 0
w 304 208 384 208 0
w 304 288 304 320 1
w 384 288 384 320 1
x 394 374 440 377 4 15 Emitter
x 393 342 448 345 4 15 Collector
x 319 371 353 374 4 15 Base
w 304 320 304 352 0
w 384 320 384 336 0
38 6 F1 0 5000 50000 -1 Resistencia
