$ 1 0.000005 10.20027730826997 50 5 43 5e-11
v -64 256 -64 96 0 0 40 5 0 0 0.5
x -13 76 1 79 4 12 S1
181 48 96 48 176 0 302.6070293446129 1 5 0.02 0.02
w -64 256 48 256 0
x -98 159 -84 162 4 12 V1
x 67 108 80 111 4 12 L1
x 253 105 267 108 4 12 V1
v 288 144 288 96 0 0 40 5 0 0 0.5
w 288 96 368 96 0
w 288 144 368 144 0
x 341 323 354 326 4 12 L1
181 288 288 288 352 0 300 1 5 0.01 0.01
w 288 288 368 288 0
w 288 352 368 352 0
s -64 96 48 96 0 1 false
w 288 192 288 240 0
s 288 240 368 240 0 1 false
x 320 218 334 221 4 12 S1
w 288 192 368 192 0
w 288 464 368 464 0
w 288 400 368 400 0
181 288 400 288 464 0 300 1 5 0.01 0.01
x 341 435 354 438 4 12 L2
x 67 188 80 191 4 12 L2
181 48 176 48 256 0 302.6070293446129 1 5 0.02 0.02
