$ 1 0.000005 10.20027730826997 50 5 43 5e-11
v -64 256 -64 112 0 0 40 5 0 0 0.5
x -17 88 -3 91 4 12 S1
181 48 128 48 256 0 300 1 5 0.01 0.01
w -64 256 48 256 0
x -99 169 -85 172 4 12 V1
x 68 160 81 163 4 12 L1
x 237 121 251 124 4 12 V1
v 272 160 272 112 0 0 40 5 0 0 0.5
w 272 112 352 112 0
w 272 160 352 160 0
x 289 230 303 233 4 12 S1
w 272 208 272 256 0
w 272 208 352 208 0
x 325 355 338 358 4 12 L1
181 272 320 272 384 0 300 1 5 0.01 0.01
w 272 320 352 320 0
w 272 384 352 384 0
S -64 112 48 112 0 0 false 0 2
x 148 160 161 163 4 12 L2
181 128 128 128 256 0 300 1 5 0.01 0.01
w 48 96 128 96 0
w 128 96 128 128 0
w 128 256 48 256 0
S 272 256 352 256 0 0 false 0 2
w 272 480 352 480 0
w 272 416 352 416 0
181 272 416 272 480 0 300 1 5 0.01 0.01
x 325 451 338 454 4 12 L2
