$ 1 0.000005 10.20027730826997 50 5 43 5e-11
v -64 256 -64 96 0 0 40 5 0 0 0.5
x -13 76 1 79 4 12 S1
181 48 112 48 256 0 300 1 5 0.01 0.01
w -64 256 48 256 0
x -98 159 -84 162 4 12 V1
x 101 187 114 190 4 12 L1
x 253 105 267 108 4 12 V1
v 288 144 288 96 0 0 40 5 0 0 0.5
w 288 96 368 96 0
w 288 144 368 144 0
x 341 387 354 390 4 12 L1
181 288 352 288 416 0 300 1 5 0.01 0.01
w 288 352 368 352 0
w 288 416 368 416 0
w 288 512 368 512 0
w 288 448 368 448 0
181 288 448 288 512 0 300 1 5 0.01 0.01
x 341 483 354 486 4 12 L2
w 48 256 160 256 0
w 288 272 368 272 0
x 320 298 334 301 4 12 S2
s 288 320 368 320 0 1 false
w 288 272 288 320 0
s 48 80 160 80 0 1 false
x 95 60 109 63 4 12 S2
S -64 96 48 96 0 0 false 0 2
x 213 187 226 190 4 12 L2
181 160 112 160 256 0 300 1 5 0.01 0.01
w 160 80 160 112 0
S 288 224 368 224 0 0 false 0 2
w 288 224 288 176 0
w 288 176 368 176 0
x 320 204 334 207 4 12 S1
