$ 1 0.000005 10.20027730826997 50 5 43 5e-11
v -64 256 -64 96 0 0 40 5 0 0 0.5
181 48 176 48 256 0 300 1 5 0.01 0.01
w -64 256 48 256 0
x -98 159 -84 162 4 12 V1
x 99 218 112 221 4 12 L1
x 253 105 267 108 4 12 V1
v 288 144 288 96 0 0 40 5 0 0 0.5
w 288 96 368 96 0
w 288 144 368 144 0
x 341 387 354 390 4 12 L1
181 288 352 288 416 0 300 1 5 0.01 0.01
w 288 352 368 352 0
w 288 416 368 416 0
w 288 176 288 224 0
s 288 224 368 224 0 1 false
x 320 202 334 205 4 12 S1
w 288 176 368 176 0
w 288 528 368 528 0
w 288 464 368 464 0
181 288 464 288 528 0 300 1 5 0.01 0.01
x 341 499 354 502 4 12 L2
x 195 218 208 221 4 12 L2
181 144 176 144 256 0 300 1 5 0.01 0.01
s 144 96 144 176 0 1 false
x 161 134 175 137 4 12 S2
w 48 96 144 96 0
w 288 256 368 256 0
x 320 282 334 285 4 12 S2
s 288 304 368 304 0 1 false
w 288 256 288 304 0
w 48 256 144 256 0
x 65 134 79 137 4 12 S1
s 48 96 48 176 0 1 false
w -64 96 48 96 0
