$ 1 0.000005 10.20027730826997 50 5 50 5e-11
R 192 352 144 352 0 2 40 2.5 2.5 0 0.5
b 80 275 224 561 0
x 113 533 199 536 4 12 SEÑAL\sDIGITAL
x 252 536 395 539 4 12 RUIDO\sDE\sTRANSMISIÓN
b 224 275 464 561 0
w 432 480 432 352 0
w 432 352 464 352 0
l 224 352 320 352 0 0.8 0.0005010735472181211 0
c 320 352 320 416 0 1e-7 1.1853310247826045 0.001
g 320 416 320 432 0 0
201 352 480 304 480 0 800 150 1 800
182 464 352 576 352 0 0.5 1 4 5 0
b 464 276 624 562 0
x 474 536 609 539 4 12 ELIMINADOR\sDE\sRUIDO
w 576 352 576 256 0
w 192 352 224 352 0
w 192 352 192 256 0
403 64 112 224 256 0 0_64_0_x81012_5_0.00009765625_-1_2_2_-48_0_3_0.000049999999999999996_0_Señal\sDigital
w 432 352 432 256 0
403 464 112 640 256 0 14_64_0_x81012_5_0.00009765625_-1_2_2_-48_14_3_0.000049999999999999996_0_Señal\srecuperada
403 240 112 432 256 0 18_64_0_x81012_20_0.00009765625_-1_2_2_-48_18_3_0.000049999999999999996_0_Señal\scon\sruido
r 320 352 432 352 0 1000
c 352 480 432 480 0 1e-7 1.25268990457395 0.001
