$ 1 0.000005 10.20027730826997 50 5 50 5e-11
L 432 288 384 288 2 0 false 5 0
L 432 352 384 352 2 0 false 5 0
M 896 576 944 576 2 2.5
L 432 320 384 320 2 0 false 5 0
150 656 480 752 480 0 3 0 5
150 656 544 752 544 0 3 0 5
150 656 608 752 608 0 3 0 5
I 480 368 480 432 0 0.5 5
I 560 368 560 432 0 0.5 5
I 640 368 640 432 0 0.5 5
w 432 288 448 288 0
w 480 288 480 368 0
w 448 288 448 432 0
w 448 288 480 288 0
w 432 320 528 320 0
w 528 320 528 432 0
w 528 320 560 320 0
w 560 320 560 368 0
w 432 352 608 352 0
w 608 352 608 432 0
w 608 352 640 352 0
w 640 352 640 368 0
150 656 672 752 672 0 3 0 5
w 656 464 448 464 0
w 656 480 560 480 0
w 656 528 480 528 0
w 656 496 640 496 0
w 656 592 448 592 0
w 448 432 448 464 0
w 560 432 560 480 0
w 480 432 480 528 0
w 640 432 640 496 0
w 608 432 608 560 0
w 448 464 448 592 0
w 480 656 656 656 0
w 528 672 656 672 0
152 800 576 896 576 0 4 0 5
w 752 544 752 560 0
w 752 560 800 560 0
w 800 544 800 480 0
w 800 480 752 480 0
w 752 608 752 592 0
w 752 592 800 592 0
w 800 608 800 672 0
w 800 672 752 672 0
w 560 480 560 544 0
w 560 544 656 544 0
w 608 560 656 560 0
w 480 528 480 656 0
w 608 560 608 688 0
w 608 688 656 688 0
w 560 544 560 720 0
w 528 672 528 720 0
w 480 656 480 720 0
w 448 592 448 720 0
w 640 496 640 624 0
w 640 624 656 624 0
w 640 624 640 720 0
w 608 688 608 720 0
w 528 608 528 672 0
w 528 608 656 608 0
w 528 608 528 432 0
x 340 295 356 298 4 24 A
x 340 327 356 330 4 24 B
x 340 359 357 362 4 24 C
x 966 584 998 587 4 24 O1
