$ 1 0.000005 10.20027730826997 50 5 50 5e-11
152 64 0 176 0 4 2 5 5
151 64 80 176 80 0 2 5 5
x 214 51 235 54 4 36 \q
150 352 0 464 0 4 2 5 5
153 352 80 464 80 0 2 5 5
151 64 176 176 176 4 2 0 5
152 64 256 176 256 0 2 0 5
153 352 176 464 176 4 2 0 5
150 352 256 464 256 0 2 0 5
L 64 -16 16 -16 2 0 false 5 0
L 48 16 16 16 2 0 false 5 0
M 176 0 224 0 2 2.5
w 48 16 64 16 0
w 48 16 48 96 0
w 48 96 64 96 0
w 64 64 64 -16 0
M 176 80 224 80 2 2.5
M 464 80 512 80 2 2.5
w 352 64 352 -16 0
w 336 96 352 96 0
w 336 16 336 96 0
w 336 16 352 16 0
M 464 0 512 0 2 2.5
L 336 16 304 16 2 0 false 5 0
L 352 -16 304 -16 2 0 false 5 0
x 502 51 523 54 4 36 \q
x 214 227 235 230 4 36 \q
L 64 160 16 160 2 0 false 5 0
L 48 192 16 192 2 0 false 5 0
M 176 176 224 176 2 2.5
w 48 192 64 192 0
w 48 192 48 272 0
w 48 272 64 272 0
w 64 240 64 160 0
M 176 256 224 256 2 2.5
M 464 256 512 256 2 2.5
w 352 240 352 160 0
w 336 272 352 272 0
w 336 192 336 272 0
w 336 192 352 192 0
M 464 176 512 176 2 2.5
L 336 192 304 192 2 0 false 5 0
L 352 160 304 160 2 0 false 5 0
x 502 227 523 230 4 36 \q
