$ 65 0.00009999999999999999 19.867427341514983 50 5 50 5e-11
v 176 304 176 208 0 2 1 5 0 0 0.5
d 208 160 208 64 2 default
w 176 304 256 304 0
w 256 304 368 304 0
w 256 240 256 304 0
v 368 304 368 64 0 0 40 12 0 0 0.5
w 256 64 368 64 0
w 208 64 256 64 0
w 208 160 256 160 0
w 256 160 256 176 0
178 288 80 288 144 4 1 0.5 1.1999045314452066e-9 0.05 1000000 0.2 24 0.015 0.01 0
w 256 144 256 160 0
w 256 64 256 80 0
159 256 176 256 240 0 20 10000000000
w 176 208 240 208 0
o 1 64 0 x81011 20 0.4 0 2 10 0 1 3 0.05 -76
o 12 64 3 x81013 20 0.4 1 1 0.05 -76 Bobina
