$ 1 0.000005 10.20027730826997 47 5 43 5e-11
v -32 176 -32 112 0 1 50 230 0 0 0.5
T -32 112 80 176 0 10 0.05 0.08760683086776017 1.7144138911814428e-7 0.999
403 -64 48 16 112 0 0_64_0_4099_320_0.8_-1_1
r 208 112 208 176 0 100
d 80 112 144 112 2 default
w 80 176 208 176 0
403 144 48 240 112 0 3_64_0_4099_20_1.6_-1_1
w 80 352 144 352 0
d 80 288 144 288 2 default
r 208 288 208 352 0 100
T -32 288 80 352 0 10 0.05 0.0876068308678049 1.7144054410204298e-7 0.999
v -32 352 -32 288 0 1 50 230 0 0 0.5
403 -64 224 16 288 0 11_64_0_4099_320_1.6_-1_1
c 144 288 144 352 0 0.001 9.856164712671118 0.001
w 144 352 208 352 0
w 144 288 208 288 0
403 144 224 240 288 0 9_64_0_4099_20_1.6_-1_1
w 144 112 208 112 0
