$ 1 0.00002 2.275989509352673 47 5 48 5e-11
v 96 304 96 80 0 1 40 8 0 0 0.5
w 96 80 224 80 0
w 224 80 224 112 0
d 224 112 288 176 3 default
d 224 240 288 176 3 default
d 160 176 224 112 3 default
d 160 176 224 240 3 default
w 224 240 224 304 0
w 224 304 96 304 0
w 160 176 160 272 0
w 288 176 336 176 0
w 160 272 336 272 0
c 336 176 336 272 0 0.00019999999999999998 6.161757016417239 0.001
w 336 176 416 176 0
w 336 272 416 272 0
r 416 176 416 272 0 200
x 451 232 558 235 4 16 Load
o 0 8 0 x81013 5 0.2 0 2 2 0 0 3 0.1 0
o 15 8 0 x81013 10 0.4 1 2 1 -98 10 3 0.05 -98
