$ 1 0.000005 10.20027730826997 50 5 50 5e-11
409 240 160 368 160 3 0.6 0 0.023100000000000002 2
162 368 224 368 288 2 default-led 0 1 0 0.01
v 80 160 80 48 0 0 40 5 0 0 0.5
v 80 288 80 160 0 0 40 5 0 0 0.5
w 80 48 128 48 0
w 304 128 304 48 0
w 304 288 368 288 0
w 80 288 128 288 0
w 304 288 304 192 0
w 80 160 32 160 0
174 128 112 160 176 1 4 0.5 Resistencia variable
w 128 48 304 48 0
w 160 144 240 144 2
r 128 112 128 48 0 10000
r 128 240 128 176 0 10000
w 128 240 128 288 0
w 128 288 304 288 0
g 240 176 240 192 0 0
g 32 160 32 176 0 0
r 368 224 368 160 0 300
