$ 1 0.0000049999999999999996 10.20027730826997 46 5 50 5e-11
v 272 272 272 80 0 0 40 12 0 0 0.5
34 zener-5 1 2.0000000000000002e-7 0 2.0051819045718253 5 1
z 368 272 368 176 2 zener-5
r 368 176 368 80 0 1200
w 368 80 272 80 0
w 272 272 368 272 0
w 368 176 576 176 0
r 576 272 576 176 0 550
w 368 272 576 272 0
O 576 176 672 176 1 0
O 576 416 672 416 1 0
w 368 528 480 528 0
r 576 528 576 416 0 550
w 368 432 432 432 0
w 272 528 368 528 0
w 368 336 272 336 0
r 368 432 368 336 0 1200
z 368 528 368 432 2 zener-5
x 589 216 605 219 4 12 R1
x 587 464 603 467 4 12 R2
w 432 400 432 368 0
w 432 368 544 368 0
w 544 368 544 416 0
w 544 416 576 416 0
409 432 416 544 416 1 0.6 0 0.023100000000000002 2
w 368 336 480 336 0
w 480 336 480 384 0
w 480 448 480 528 0
w 480 528 576 528 0
v 272 528 272 336 0 0 40 12 0 0 0.5
g 272 528 272 544 0 0
g 272 272 272 288 0 0
38 6 F1 0 100 1000 -1 Resistencia\sR1
38 11 F1 0 100 1000 -1 Resistancia\sR2
