$ 1 0.000005 10.20027730826997 50 5 50 5e-11
v 80 304 80 80 0 0 40 12 0 0 0.5
w 80 80 128 80 0
w 80 304 128 304 0
174 128 128 160 224 0 10000 0.5297000000000001 Resistencia variable
w 128 80 224 80 0
w 160 176 208 176 2
w 128 304 224 304 0
g 80 304 80 336 0 0
w 208 176 272 176 0
r 224 80 224 160 0 10000
w 224 208 272 208 2
w 224 80 464 80 0
w 224 160 224 208 0
x 139 158 155 161 4 12 R1
x 239 104 255 107 4 12 R2
x 239 238 255 241 4 12 R3
350 224 208 224 304 0 10000 5000 0 50 0.5693 Temperature
a 272 192 384 192 9 12 -12 1000000 5.732372297085553 5.426536501612576 100000
r 384 192 464 192 0 500
w 384 144 384 192 0
w 272 144 272 176 0
x 139 206 159 209 4 12 10k
162 464 80 464 192 2 default-led 1 0 0 0.01
r 272 144 384 144 0 200000
w 128 128 128 80 0
w 128 224 128 304 0
x 319 110 335 113 4 12 R4
x 415 158 431 161 4 12 R5
